2 0.505167 0.456985 0.880456 0.669643
0 0.830740 0.175818 0.175809 0.066134
0 0.619770 0.165929 0.164821 0.069843
0 0.420886 0.173655 0.169216 0.069225
0 0.204422 0.170256 0.169216 0.073551
0 0.820302 0.270693 0.176908 0.070461
0 0.599991 0.263894 0.162623 0.067989
0 0.391768 0.257096 0.163722 0.074169
0 0.193434 0.258950 0.182402 0.077878
0 0.189588 0.358151 0.157129 0.074787
0 0.401657 0.364950 0.159327 0.066134
0 0.610430 0.365259 0.165919 0.070461
0 0.810962 0.359696 0.164821 0.074169
0 0.799974 0.460134 0.175809 0.071079
0 0.604936 0.459825 0.168117 0.071697
0 0.395614 0.461988 0.160425 0.067370
0 0.191785 0.452099 0.179105 0.072315
0 0.799424 0.552228 0.187896 0.078496
0 0.598343 0.554082 0.181303 0.071079
0 0.385724 0.549446 0.160425 0.066752
0 0.173106 0.543574 0.183500 0.083440
0 0.190137 0.635050 0.162623 0.073551
0 0.382977 0.645248 0.165919 0.070461
0 0.585707 0.639995 0.171414 0.064898
0 0.813159 0.646793 0.180204 0.076024
0 0.802721 0.736106 0.163722 0.071697
0 0.620319 0.745995 0.172512 0.077878