0 0.108816 0.177719 0.217632 0.089348
0 0.313367 0.176775 0.177325 0.068217
0 0.524942 0.163762 0.172803 0.066951
0 0.722062 0.169663 0.183922 0.068449
0 0.098821 0.262403 0.186244 0.069637
0 0.323112 0.259541 0.191494 0.067608
0 0.551251 0.256543 0.183563 0.075077
0 0.743555 0.243928 0.189369 0.078048
0 0.121677 0.353911 0.176411 0.069845
0 0.333622 0.344231 0.221375 0.080280
0 0.548537 0.341420 0.215704 0.088382
0 0.774795 0.321476 0.223945 0.083691
0 0.120988 0.447083 0.181178 0.073332
0 0.139669 0.545709 0.190715 0.080309
0 0.360620 0.532646 0.175249 0.069251
0 0.586215 0.521650 0.215396 0.085604
0 0.783467 0.508861 0.180623 0.068333
0 0.134299 0.631516 0.192122 0.083126
0 0.377671 0.621569 0.185453 0.072376
0 0.596095 0.615566 0.191320 0.075903
0 0.802296 0.603858 0.197917 0.076135
0 0.386105 0.707449 0.203723 0.079106
0 0.166259 0.725494 0.174705 0.074213
0 0.342278 0.437075 0.193766 0.078203
0 0.550981 0.423047 0.195730 0.086020
0 0.770023 0.422600 0.199993 0.075101
2 0.478299 0.459891 0.950728 0.698707