0 0.733650 0.277654 0.174211 0.093780
0 0.542933 0.296160 0.155768 0.088638
0 0.348129 0.298409 0.154780 0.091850
0 0.158081 0.324174 0.165357 0.095190
0 0.743050 0.386800 0.173784 0.103080
0 0.560889 0.410277 0.159036 0.089272
0 0.363313 0.417609 0.163163 0.092280
0 0.165115 0.428736 0.166819 0.097129
0 0.762445 0.498961 0.157144 0.089640
0 0.562120 0.515139 0.172881 0.100237
0 0.367359 0.517856 0.165355 0.088199
0 0.182488 0.533004 0.161875 0.099205
0 0.770471 0.617824 0.169442 0.104721
0 0.567286 0.627560 0.182123 0.103043
0 0.390712 0.641340 0.169182 0.094920
0 0.170675 0.651003 0.178943 0.103345
0 0.787902 0.730574 0.196090 0.100467
0 0.583307 0.741777 0.184015 0.102673
0 0.375607 0.748217 0.182511 0.107257
0 0.189767 0.756357 0.171419 0.098298
0 0.791445 0.849178 0.164412 0.098870
0 0.606161 0.849291 0.163122 0.098804
0 0.377078 0.869769 0.171379 0.111811
0 0.186681 0.877672 0.169141 0.101443
1 0.320671 0.155691 0.553580 0.213227
2 0.482847 0.583310 0.874813 0.714252