0 0.194759 0.125223 0.159689 0.078277
0 0.368385 0.113978 0.163122 0.080297
0 0.589036 0.101670 0.170999 0.072262
0 0.772754 0.110843 0.168319 0.066605
0 0.170078 0.218284 0.161863 0.073000
0 0.360933 0.208115 0.171765 0.072278
0 0.572771 0.201710 0.164992 0.074000
0 0.797799 0.197362 0.172081 0.076952
0 0.170784 0.310506 0.175012 0.073943
0 0.372852 0.307364 0.159694 0.075972
0 0.584712 0.294325 0.174718 0.081004
0 0.788890 0.293736 0.175427 0.080077
0 0.161038 0.412774 0.163596 0.076526
0 0.390017 0.406457 0.182680 0.084472
0 0.601550 0.400040 0.197575 0.087618
0 0.802197 0.398817 0.176065 0.089513
0 0.155584 0.509753 0.173592 0.075798
0 0.380976 0.513434 0.170361 0.085151
0 0.594313 0.510759 0.179257 0.090995
0 0.823838 0.506792 0.184291 0.085449
0 0.171285 0.627304 0.191400 0.110572
0 0.374601 0.613975 0.178706 0.094281
0 0.618743 0.619855 0.181587 0.079738
0 0.832502 0.611972 0.202019 0.096194
0 0.178062 0.733234 0.175388 0.090913
0 0.386739 0.730423 0.181028 0.094331
2 0.507234 0.418620 0.917659 0.737072