2 0.513271 0.489704 0.939146 0.728245
0 0.174820 0.197631 0.232715 0.095214
0 0.384360 0.200040 0.169614 0.072829
0 0.588638 0.189014 0.165277 0.071498
0 0.778532 0.198672 0.175979 0.072981
0 0.175491 0.291310 0.178193 0.074262
0 0.391788 0.291710 0.183312 0.071927
0 0.611796 0.292020 0.175474 0.080339
0 0.797487 0.281128 0.181009 0.083542
0 0.195351 0.392855 0.168692 0.074650
0 0.399907 0.385519 0.211866 0.085505
0 0.607163 0.385826 0.206195 0.094583
0 0.825761 0.367370 0.214265 0.089247
0 0.192473 0.495865 0.173213 0.078442
0 0.208138 0.605213 0.182255 0.086028
0 0.421457 0.594280 0.167584 0.074009
0 0.639203 0.585707 0.205963 0.091506
0 0.829668 0.574701 0.172796 0.072905
0 0.200922 0.700005 0.183547 0.089130
0 0.435781 0.692874 0.177363 0.077313
0 0.646496 0.689707 0.182945 0.081131
0 0.845562 0.680038 0.189310 0.081283
0 0.441871 0.787965 0.194846 0.084485
0 0.229500 0.804424 0.166940 0.079522
0 0.406046 0.488315 0.185252 0.083643
0 0.607579 0.476121 0.186961 0.092282
0 0.818757 0.479108 0.191340 0.080103