1 0.384259 0.201800 0.576637 0.149972
2 0.490699 0.564523 0.896991 0.561523
0 0.829641 0.329411 0.167018 0.079114
0 0.601090 0.330029 0.156030 0.065516
0 0.398361 0.327556 0.172512 0.075405
0 0.175303 0.330956 0.163722 0.077260
0 0.180797 0.426449 0.170315 0.080350
0 0.386823 0.415014 0.182402 0.085913
0 0.593948 0.424286 0.168117 0.067370
0 0.822499 0.418723 0.201081 0.083440
0 0.811511 0.510507 0.179105 0.075405
0 0.599442 0.511743 0.163722 0.082822
0 0.396163 0.516997 0.170315 0.073551
0 0.196181 0.509271 0.181303 0.081586
0 0.368693 0.788024 0.201081 0.085295
0 0.169809 0.777517 0.174710 0.076642
0 0.186291 0.695622 0.168117 0.083440
0 0.365396 0.691604 0.174710 0.091475
0 0.601639 0.703657 0.174710 0.087149
0 0.832938 0.703966 0.171414 0.072933
0 0.820302 0.604764 0.201081 0.072315
0 0.596695 0.608473 0.180204 0.080968
0 0.385724 0.604764 0.169216 0.073551
0 0.178600 0.606000 0.176908 0.084677