1 0.391799 0.227291 0.585632 0.154737
2 0.514834 0.586073 0.882340 0.555949
0 0.823670 0.359004 0.174957 0.071539
0 0.625161 0.357111 0.165536 0.067754
0 0.404110 0.349730 0.182359 0.078731
0 0.183059 0.359950 0.173611 0.081759
0 0.812904 0.453064 0.184378 0.069646
0 0.614058 0.452686 0.163517 0.073431
0 0.401082 0.450793 0.158807 0.064347
0 0.202910 0.446062 0.160826 0.073053
0 0.813913 0.531227 0.190434 0.081380
0 0.618432 0.537473 0.172265 0.071917
0 0.413194 0.539933 0.168228 0.070782
0 0.199545 0.535391 0.172938 0.081380
0 0.831409 0.627748 0.179667 0.076081
0 0.627853 0.620935 0.173611 0.072296
0 0.421606 0.622449 0.170247 0.079866
0 0.215695 0.633804 0.163517 0.073053
0 0.833091 0.718591 0.177649 0.072296
0 0.635928 0.720862 0.168228 0.070025
0 0.414877 0.722565 0.170247 0.074188
0 0.221751 0.729189 0.162172 0.067754
0 0.620451 0.801296 0.161499 0.065104
0 0.402428 0.804892 0.177649 0.083651
0 0.196853 0.811705 0.172938 0.074567