0 0.595554 0.198862 0.156500 0.064980
0 0.789458 0.198579 0.163914 0.060326
0 0.168499 0.295017 0.163982 0.074323
0 0.380512 0.285138 0.160764 0.067902
0 0.616903 0.287254 0.176723 0.072593
0 0.802302 0.287833 0.160761 0.067319
0 0.184517 0.387192 0.162909 0.071988
0 0.369968 0.377273 0.168218 0.071413
0 0.596244 0.383746 0.170317 0.066168
0 0.816736 0.377964 0.175633 0.066759
0 0.167108 0.470859 0.167156 0.071412
0 0.379582 0.475270 0.167144 0.069079
0 0.609633 0.470377 0.185212 0.070273
0 0.828502 0.470716 0.180951 0.067934
0 0.159682 0.577287 0.176743 0.076675
0 0.385513 0.565972 0.173550 0.075504
0 0.603843 0.568060 0.198016 0.081374
0 0.812619 0.568091 0.203303 0.076133
0 0.160781 0.678479 0.177804 0.076094
0 0.362661 0.676459 0.182076 0.080766
0 0.609190 0.669550 0.199066 0.079043
0 0.831779 0.669603 0.202286 0.085463
0 0.141169 0.777890 0.165056 0.076657
0 0.353110 0.782883 0.189538 0.086027
2 0.498967 0.504650 0.925926 0.681269