0 0.192327 0.145746 0.164718 0.077072
0 0.366853 0.131627 0.168276 0.079047
0 0.588751 0.115558 0.175790 0.071623
0 0.774502 0.120559 0.172803 0.066231
0 0.172202 0.234307 0.166634 0.072136
0 0.364160 0.220860 0.176562 0.071654
0 0.577471 0.210555 0.169834 0.073143
0 0.804191 0.201933 0.177120 0.076071
0 0.177638 0.321566 0.179915 0.073290
0 0.381263 0.314544 0.164604 0.074897
0 0.594258 0.297961 0.179981 0.079947
0 0.800142 0.293313 0.180647 0.079087
0 0.173047 0.418541 0.168559 0.075499
0 0.403649 0.407975 0.188172 0.083380
0 0.616653 0.397666 0.203322 0.086647
0 0.818945 0.392488 0.181774 0.088003
0 0.172513 0.510424 0.178581 0.075012
0 0.400011 0.509392 0.175810 0.083773
0 0.615026 0.502587 0.185062 0.089466
0 0.846300 0.494235 0.189843 0.084334
0 0.194369 0.621352 0.198287 0.108183
0 0.398731 0.604666 0.184677 0.092556
0 0.645251 0.605339 0.186828 0.078890
0 0.860425 0.593597 0.208235 0.094829
0 0.206628 0.721462 0.181164 0.089311
0 0.416937 0.714621 0.187016 0.092650
2 0.536169 0.416295 0.921792 0.716146