0 0.189087 0.194989 0.152491 0.073579
0 0.360620 0.187497 0.155747 0.075492
0 0.578485 0.179916 0.164036 0.067447
0 0.758634 0.192611 0.161758 0.061949
0 0.158821 0.285563 0.154976 0.068357
0 0.347236 0.279473 0.164792 0.067447
0 0.556050 0.277491 0.157998 0.069275
0 0.777708 0.277789 0.164802 0.072028
0 0.153586 0.375830 0.167887 0.069015
0 0.352578 0.376844 0.152645 0.071317
0 0.561842 0.368370 0.167141 0.075951
0 0.762746 0.371925 0.167901 0.075027
0 0.137421 0.475718 0.156458 0.071782
0 0.363093 0.474168 0.174773 0.079193
0 0.571608 0.472169 0.189264 0.081978
0 0.769080 0.475031 0.167922 0.084274
0 0.125819 0.570515 0.166367 0.070865
0 0.347319 0.578677 0.162576 0.080109
0 0.557369 0.580377 0.170975 0.085664
0 0.783426 0.581139 0.176299 0.080119
0 0.133706 0.685874 0.181692 0.104629
0 0.334581 0.676943 0.170220 0.088900
0 0.574386 0.687638 0.174000 0.074569
0 0.785186 0.684248 0.193096 0.090304
0 0.133560 0.789679 0.167164 0.085661
0 0.339035 0.791150 0.172508 0.088902
2 0.455564 0.501744 0.892857 0.721959