2 0.494833 0.456985 0.880456 0.669643
0 0.169260 0.175818 0.175809 0.066134
0 0.380230 0.165929 0.164821 0.069843
0 0.579114 0.173655 0.169216 0.069225
0 0.795578 0.170256 0.169216 0.073551
0 0.179698 0.270693 0.176908 0.070461
0 0.400009 0.263894 0.162623 0.067989
0 0.608232 0.257096 0.163722 0.074169
0 0.806566 0.258950 0.182402 0.077878
0 0.810412 0.358151 0.157129 0.074787
0 0.598343 0.364950 0.159327 0.066134
0 0.389570 0.365259 0.165919 0.070461
0 0.189038 0.359696 0.164821 0.074169
0 0.200026 0.460134 0.175809 0.071079
0 0.395064 0.459825 0.168117 0.071697
0 0.604386 0.461988 0.160425 0.067370
0 0.808215 0.452099 0.179105 0.072315
0 0.200576 0.552228 0.187896 0.078496
0 0.401657 0.554082 0.181303 0.071079
0 0.614276 0.549446 0.160425 0.066752
0 0.826894 0.543574 0.183500 0.083440
0 0.809863 0.635050 0.162623 0.073551
0 0.617023 0.645248 0.165919 0.070461
0 0.414293 0.639995 0.171414 0.064898
0 0.186841 0.646793 0.180204 0.076024
0 0.197279 0.736106 0.163722 0.071697
0 0.379681 0.745995 0.172512 0.077878