1 0.635708 0.141426 0.537715 0.202719
2 0.528254 0.622273 0.838120 0.751033
0 0.236084 0.301173 0.164947 0.094947
0 0.425536 0.310326 0.147070 0.090229
0 0.617460 0.301292 0.145810 0.093862
0 0.806947 0.318498 0.156028 0.097004
0 0.237245 0.422216 0.163717 0.105334
0 0.418751 0.437363 0.150261 0.090756
0 0.613888 0.433775 0.154101 0.093882
0 0.809999 0.434341 0.157312 0.099085
0 0.228856 0.547178 0.148350 0.091270
0 0.427542 0.553193 0.163066 0.102215
0 0.619469 0.544677 0.156632 0.089213
0 0.802848 0.550469 0.152221 0.101670
0 0.232295 0.678866 0.159261 0.107401
0 0.433182 0.677601 0.172005 0.104835
0 0.608266 0.682374 0.159852 0.096493
0 0.825729 0.680031 0.168819 0.105346
0 0.219086 0.795009 0.152199 0.096474
0 0.428310 0.804634 0.173916 0.104319
0 0.633325 0.799463 0.172025 0.109510
0 0.816989 0.797462 0.161781 0.100135
0 0.233724 0.935500 0.154770 0.101157
0 0.416074 0.924671 0.153494 0.101154
0 0.643472 0.933732 0.160570 0.115197
0 0.831598 0.931200 0.159245 0.103765