1 0.393122 0.079427 0.566858 0.158855
0 0.809394 0.220036 0.167425 0.070463
0 0.608791 0.213106 0.168233 0.071394
0 0.605594 0.297465 0.166849 0.072730
0 0.399599 0.298189 0.162997 0.080851
0 0.189060 0.289886 0.165198 0.070412
0 0.788639 0.402152 0.185772 0.078185
0 0.592126 0.405384 0.175782 0.083427
0 0.385131 0.399450 0.170760 0.075557
0 0.191826 0.384222 0.170653 0.084220
0 0.789640 0.505372 0.172438 0.088367
0 0.573754 0.499003 0.175073 0.083866
0 0.370855 0.487901 0.189583 0.079642
0 0.156308 0.488656 0.200683 0.079442
0 0.787290 0.618810 0.190051 0.086038
0 0.569022 0.604378 0.168086 0.089634
0 0.359779 0.593587 0.171195 0.081496
0 0.151741 0.591747 0.177100 0.081178
0 0.777563 0.721324 0.194872 0.091166
0 0.565669 0.706124 0.186059 0.102364
0 0.338116 0.706807 0.189643 0.090589
0 0.110065 0.693979 0.204521 0.091389
2 0.467965 0.463960 0.917659 0.627790