2 0.494833 0.442453 0.917659 0.710333
0 0.167612 0.141515 0.234045 0.090239
0 0.384076 0.148932 0.170315 0.069225
0 0.596145 0.142751 0.165919 0.067989
0 0.791733 0.156967 0.176908 0.069225
0 0.161019 0.235463 0.179105 0.070461
0 0.384626 0.241026 0.184599 0.067989
0 0.612078 0.246588 0.175809 0.076642
0 0.804918 0.240098 0.181303 0.079732
0 0.173655 0.337755 0.169216 0.071079
0 0.385724 0.335282 0.213168 0.080968
0 0.599991 0.340536 0.206575 0.090239
0 0.827444 0.327247 0.215366 0.084677
0 0.162667 0.440974 0.173611 0.074787
0 0.170359 0.550991 0.182402 0.082204
0 0.391768 0.545120 0.168117 0.070461
0 0.617572 0.541720 0.206575 0.087149
0 0.815357 0.535230 0.173611 0.069225
0 0.155525 0.645866 0.183500 0.085295
0 0.398910 0.644321 0.178006 0.073551
0 0.617023 0.646175 0.183500 0.077260
0 0.823598 0.641231 0.190093 0.077260
0 0.397811 0.739814 0.195587 0.080350
0 0.176951 0.751249 0.167018 0.076024
0 0.384076 0.438501 0.185698 0.079732
0 0.593398 0.431084 0.186797 0.088385
0 0.811511 0.439119 0.192291 0.076024