0 0.247858 0.147875 0.176280 0.081135
0 0.443131 0.142439 0.180058 0.083235
0 0.691061 0.137612 0.189151 0.074704
0 0.895201 0.153994 0.186339 0.068767
0 0.209317 0.244721 0.178891 0.075558
0 0.423711 0.241047 0.190009 0.074715
0 0.661099 0.242098 0.182363 0.076586
0 0.908937 0.245793 0.182125 0.079637
0 0.199235 0.341617 0.193591 0.076442
0 0.425325 0.345736 0.176363 0.078707
0 0.663520 0.339819 0.193025 0.083884
0 0.891666 0.346699 0.193851 0.082901
0 0.176293 0.448683 0.180715 0.079259
0 0.432818 0.450455 0.201829 0.087471
0 0.669867 0.451482 0.218410 0.090661
0 0.894144 0.457565 0.194250 0.092836
0 0.158769 0.550349 0.191939 0.078408
0 0.410108 0.562492 0.188005 0.088288
0 0.648732 0.567516 0.197776 0.094371
0 0.901894 0.571778 0.196211 0.088487
0 0.162451 0.674403 0.210725 0.114893
0 0.391135 0.667868 0.197049 0.097837
0 0.663160 0.683009 0.200762 0.082493
0 0.895659 0.682578 0.208682 0.099658
0 0.157533 0.785921 0.193444 0.094316
0 0.390968 0.790630 0.199649 0.097870
2 0.507234 0.481399 0.975529 0.767299