2 0.500000 0.454122 1.000000 0.784252
0 0.853210 0.123676 0.261153 0.103081
0 0.620001 0.137943 0.190367 0.078805
0 0.390295 0.137584 0.185504 0.077358
0 0.180265 0.158486 0.197491 0.078999
0 0.868941 0.223641 0.199978 0.080381
0 0.627844 0.236141 0.205688 0.077907
0 0.382592 0.248753 0.196983 0.086874
0 0.173635 0.247500 0.203202 0.090330
0 0.864660 0.333066 0.189350 0.080749
0 0.635293 0.336660 0.237746 0.092584
0 0.404260 0.348557 0.231471 0.102274
0 0.157280 0.341072 0.240460 0.096602
0 0.885989 0.442786 0.194438 0.084832
0 0.887758 0.560302 0.204616 0.092997
0 0.647988 0.560548 0.188106 0.080058
0 0.403696 0.563557 0.231188 0.098979
0 0.189395 0.562449 0.193929 0.078902
0 0.904718 0.661013 0.190565 0.096325
0 0.649360 0.666517 0.199074 0.083643
0 0.413859 0.674901 0.205350 0.087759
0 0.190202 0.675700 0.212474 0.087952
0 0.659296 0.768290 0.218693 0.091408
0 0.898983 0.773992 0.187428 0.085957
0 0.646531 0.446655 0.207951 0.090459
0 0.419679 0.444897 0.209931 0.099716
0 0.184745 0.459872 0.214735 0.086699