2 0.471514 0.407979 0.937021 0.689652
0 0.806493 0.120049 0.237353 0.088308
0 0.588332 0.125909 0.172786 0.067689
0 0.374842 0.118698 0.168336 0.066473
0 0.177586 0.131231 0.179427 0.067728
0 0.811449 0.210581 0.181662 0.068932
0 0.586127 0.214613 0.187151 0.066583
0 0.356932 0.218622 0.178453 0.074866
0 0.162816 0.211227 0.184042 0.077875
0 0.796888 0.309036 0.171712 0.069469
0 0.583332 0.305396 0.216159 0.079255
0 0.367423 0.309186 0.209685 0.088145
0 0.138565 0.295037 0.218440 0.082840
0 0.806106 0.408524 0.176206 0.073066
0 0.796386 0.514450 0.185193 0.080263
0 0.573483 0.507481 0.170594 0.068867
0 0.346109 0.502867 0.209629 0.085169
0 0.147011 0.495443 0.176106 0.067709
0 0.809627 0.605923 0.186354 0.083246
0 0.564511 0.602992 0.180610 0.071902
0 0.344789 0.603484 0.186211 0.075507
0 0.136811 0.597497 0.192851 0.075546
0 0.563907 0.694980 0.198440 0.078555
0 0.786157 0.707304 0.169587 0.074219
0 0.583142 0.404829 0.188469 0.077901
0 0.372440 0.396443 0.189731 0.086242
0 0.152608 0.402889 0.195043 0.074369