2 0.499858 0.439242 0.999717 0.747144
0 0.617052 0.133862 0.168219 0.074895
0 0.813421 0.142583 0.175018 0.070396
0 0.170105 0.214107 0.177206 0.084965
0 0.386262 0.213681 0.172976 0.078134
0 0.625287 0.226876 0.189838 0.083757
0 0.812914 0.236098 0.172885 0.077527
0 0.172369 0.310811 0.175766 0.082485
0 0.361639 0.309107 0.181052 0.082134
0 0.589762 0.326368 0.182382 0.076773
0 0.813884 0.330601 0.187851 0.077636
0 0.142077 0.397103 0.179976 0.082083
0 0.356538 0.411575 0.179612 0.079655
0 0.590204 0.417178 0.198078 0.081738
0 0.811756 0.427707 0.193411 0.079105
0 0.118447 0.507554 0.190476 0.088006
0 0.348812 0.506275 0.187068 0.086639
0 0.569554 0.518600 0.212716 0.093884
0 0.780934 0.528340 0.217273 0.088677
0 0.104240 0.612951 0.191461 0.087450
0 0.308949 0.620234 0.196492 0.092511
0 0.559603 0.624505 0.213426 0.091508
0 0.784965 0.634910 0.217657 0.098338
0 0.079329 0.715530 0.158657 0.087444
0 0.283167 0.730584 0.204841 0.098332