1 0.608201 0.227291 0.585632 0.154737
2 0.485166 0.586073 0.882340 0.555949
0 0.176330 0.359004 0.174957 0.071539
0 0.374839 0.357111 0.165536 0.067754
0 0.595890 0.349730 0.182359 0.078731
0 0.816941 0.359950 0.173611 0.081759
0 0.187096 0.453064 0.184378 0.069646
0 0.385942 0.452686 0.163517 0.073431
0 0.598918 0.450793 0.158807 0.064347
0 0.797090 0.446062 0.160826 0.073053
0 0.186087 0.531227 0.190434 0.081380
0 0.381568 0.537473 0.172265 0.071917
0 0.586806 0.539933 0.168228 0.070782
0 0.800455 0.535391 0.172938 0.081380
0 0.168591 0.627748 0.179667 0.076081
0 0.372147 0.620935 0.173611 0.072296
0 0.578394 0.622449 0.170247 0.079866
0 0.784305 0.633804 0.163517 0.073053
0 0.166909 0.718591 0.177649 0.072296
0 0.364072 0.720862 0.168228 0.070025
0 0.585123 0.722565 0.170247 0.074188
0 0.778249 0.729189 0.162172 0.067754
0 0.379549 0.801296 0.161499 0.065104
0 0.597572 0.804892 0.177649 0.083651
0 0.803147 0.811705 0.172938 0.074567