0 0.782652 0.160643 0.165172 0.073890
0 0.596633 0.153233 0.168698 0.075812
0 0.360374 0.145766 0.177706 0.067714
0 0.165062 0.158664 0.175249 0.062187
0 0.815694 0.251714 0.167879 0.068636
0 0.611373 0.245725 0.178525 0.067714
0 0.384942 0.243883 0.171154 0.069557
0 0.144589 0.244343 0.178525 0.072321
0 0.821594 0.342494 0.181878 0.069289
0 0.605820 0.343657 0.165344 0.071615
0 0.378886 0.335286 0.181052 0.076265
0 0.161045 0.339007 0.181878 0.075335
0 0.839368 0.442941 0.169478 0.072080
0 0.594659 0.441546 0.189319 0.079520
0 0.368552 0.439686 0.205026 0.082310
0 0.154431 0.442708 0.181878 0.084635
0 0.852183 0.538272 0.180225 0.071150
0 0.612021 0.546642 0.176091 0.080450
0 0.384259 0.548503 0.185185 0.086031
0 0.139137 0.549433 0.190972 0.080450
0 0.843915 0.654297 0.196759 0.105097
0 0.626075 0.645461 0.184358 0.089286
0 0.366071 0.656390 0.188492 0.074870
0 0.137483 0.653134 0.209160 0.090681
0 0.844329 0.758696 0.181052 0.086031
0 0.621528 0.760324 0.186839 0.089286
2 0.495866 0.468029 0.981729 0.724284