0 0.223108 0.164371 0.173363 0.072543
0 0.421366 0.163535 0.163632 0.075732
0 0.605866 0.179536 0.167646 0.075309
0 0.808338 0.185323 0.168255 0.079568
0 0.219495 0.258237 0.174998 0.076850
0 0.426035 0.260839 0.161320 0.073813
0 0.621294 0.262931 0.163215 0.079945
0 0.806108 0.273127 0.181169 0.084386
0 0.795735 0.370975 0.157150 0.080276
0 0.596887 0.368721 0.157983 0.071847
0 0.402027 0.360215 0.164744 0.076387
0 0.215684 0.346275 0.164241 0.079992
0 0.211802 0.445643 0.174059 0.077412
0 0.393845 0.453569 0.166969 0.077696
0 0.588868 0.464532 0.159182 0.073111
0 0.780463 0.463395 0.177309 0.078769
0 0.199354 0.536354 0.186382 0.085226
0 0.386731 0.546665 0.179186 0.077644
0 0.585788 0.551072 0.159095 0.072502
0 0.785019 0.554262 0.182976 0.089909
0 0.756252 0.643622 0.162103 0.079290
0 0.574868 0.645527 0.164744 0.076387
0 0.386431 0.631799 0.169088 0.071140
0 0.173228 0.628895 0.178857 0.082467
0 0.170398 0.717284 0.162867 0.077511
0 0.360604 0.730064 0.189919 0.097908
2 0.492766 0.469192 0.872189 0.733584