0 0.180423 0.404821 0.180197 0.078562
0 0.375556 0.396061 0.170501 0.074400
0 0.592255 0.380959 0.188288 0.086109
0 0.810930 0.383703 0.180019 0.088878
0 0.201573 0.499817 0.189255 0.076968
0 0.397207 0.492581 0.169151 0.080086
0 0.606576 0.483322 0.163497 0.070714
0 0.801059 0.471695 0.166461 0.079610
0 0.209351 0.579100 0.196532 0.089073
0 0.402418 0.578696 0.177590 0.078853
0 0.604661 0.574117 0.173490 0.077563
0 0.814395 0.562149 0.179314 0.088470
0 0.202966 0.677565 0.185341 0.083330
0 0.402513 0.663642 0.178957 0.079283
0 0.605643 0.658069 0.176496 0.086843
0 0.809546 0.662486 0.169109 0.079703
0 0.211505 0.769728 0.182931 0.079423
0 0.405781 0.765235 0.173405 0.076795
0 0.623500 0.759344 0.175859 0.081086
0 0.814291 0.759404 0.167191 0.074284
0 0.430038 0.846253 0.166231 0.071574
0 0.644989 0.842385 0.184205 0.090935
0 0.848053 0.842208 0.178550 0.081563
1 0.591973 0.257603 0.591104 0.170898
2 0.518601 0.624395 0.903191 0.576637