0 0.153428 0.353847 0.164382 0.080117
0 0.370127 0.359835 0.152932 0.066765
0 0.562573 0.362239 0.169312 0.076675
0 0.773852 0.370776 0.161116 0.078254
0 0.761411 0.462593 0.167603 0.081385
0 0.566892 0.446720 0.179487 0.087026
0 0.369763 0.450760 0.164535 0.068835
0 0.153438 0.440010 0.197014 0.085086
0 0.156908 0.528644 0.175564 0.076831
0 0.357930 0.534839 0.161537 0.083609
0 0.550312 0.544695 0.167088 0.074838
0 0.740550 0.541975 0.178117 0.082834
0 0.555839 0.806304 0.197154 0.086872
0 0.745247 0.800880 0.171490 0.077918
0 0.735818 0.721638 0.165752 0.084308
0 0.566268 0.713543 0.172613 0.092200
0 0.341314 0.719573 0.172286 0.088035
0 0.121938 0.714412 0.168083 0.074269
0 0.141433 0.619193 0.196171 0.074374
0 0.353210 0.628041 0.177028 0.082213
0 0.553565 0.629448 0.166046 0.074812
0 0.749898 0.635526 0.174183 0.085707
2 0.448330 0.581961 0.861855 0.549898
1 0.585772 0.239583 0.558036 0.158110