1 0.406723 0.101875 0.556738 0.203750
0 0.789642 0.269105 0.174058 0.103474
0 0.599622 0.267554 0.155751 0.097788
0 0.408953 0.247808 0.154857 0.101322
0 0.218094 0.254248 0.165365 0.105014
0 0.776381 0.389204 0.173869 0.113711
0 0.593693 0.394048 0.158987 0.098490
0 0.399273 0.379529 0.163131 0.101808
0 0.203465 0.369078 0.166855 0.107151
0 0.772260 0.513729 0.157132 0.098893
0 0.573337 0.508543 0.172908 0.110579
0 0.382614 0.489312 0.165189 0.097317
0 0.198992 0.484764 0.162034 0.109430
0 0.755660 0.644267 0.169631 0.115512
0 0.555269 0.631731 0.182088 0.113681
0 0.380029 0.626637 0.169129 0.104721
0 0.163199 0.612100 0.178960 0.114009
0 0.757233 0.760307 0.161492 0.104273
0 0.547430 0.758114 0.183943 0.113277
0 0.343309 0.741468 0.182576 0.118321
0 0.160181 0.729168 0.171418 0.108443
0 0.728575 0.898956 0.164526 0.109064
0 0.547642 0.877965 0.163253 0.108989
0 0.319755 0.874192 0.171716 0.123320
0 0.132228 0.861114 0.169251 0.111903
2 0.451659 0.572823 0.893525 0.788824