1 0.329042 0.131156 0.571835 0.163954
2 0.460296 0.547234 0.920592 0.668487
0 0.767506 0.269008 0.167897 0.073835
0 0.562695 0.268449 0.168682 0.074832
0 0.568424 0.359766 0.167213 0.076303
0 0.358943 0.367668 0.162935 0.085173
0 0.143878 0.365968 0.165626 0.073814
0 0.765780 0.466620 0.186296 0.081926
0 0.566213 0.476907 0.175876 0.087768
0 0.355005 0.477646 0.171085 0.079309
0 0.156735 0.467864 0.170606 0.088709
0 0.777788 0.578181 0.172252 0.093179
0 0.557491 0.578758 0.175133 0.088256
0 0.349899 0.573768 0.190124 0.083447
0 0.131722 0.582001 0.201463 0.083058
0 0.787475 0.700906 0.190329 0.090378
0 0.563895 0.692848 0.167755 0.094622
0 0.349884 0.688413 0.171275 0.085745
0 0.138052 0.693615 0.177316 0.085307
0 0.788494 0.812075 0.195032 0.095867
0 0.571317 0.802966 0.185559 0.108152
0 0.339900 0.811570 0.189719 0.095322
0 0.106538 0.805584 0.204871 0.095959