1 0.434212 0.187107 0.575888 0.178986
0 0.856890 0.338247 0.170044 0.090907
0 0.633982 0.333071 0.158094 0.075736
0 0.436533 0.325172 0.175063 0.086986
0 0.218729 0.323183 0.166661 0.088793
0 0.215407 0.427889 0.173371 0.092345
0 0.417334 0.420643 0.185662 0.098746
0 0.618452 0.436100 0.170048 0.078076
0 0.841809 0.435861 0.203650 0.096516
0 0.822753 0.536084 0.181492 0.087155
0 0.615860 0.532007 0.167167 0.094883
0 0.417173 0.532554 0.172753 0.084900
0 0.222880 0.518974 0.184197 0.093980
0 0.365755 0.828627 0.203819 0.098548
0 0.172786 0.812029 0.177319 0.088397
0 0.196300 0.722776 0.171508 0.095672
0 0.371304 0.722962 0.178667 0.104639
0 0.600560 0.742210 0.178274 0.099902
0 0.826064 0.748471 0.173768 0.084251
0 0.822759 0.639521 0.202639 0.084334
0 0.604390 0.637856 0.183069 0.093275
0 0.399017 0.628393 0.171681 0.084872
0 0.196946 0.624442 0.180193 0.097252
2 0.510334 0.588937 0.907325 0.631278