1 0.378079 0.116381 0.587485 0.202188
2 0.497942 0.598788 0.913637 0.751862
0 0.816151 0.275765 0.180059 0.094909
0 0.608873 0.285412 0.160518 0.090216
0 0.398804 0.276808 0.159122 0.093866
0 0.191526 0.294538 0.170289 0.096995
0 0.815453 0.397269 0.178664 0.105338
0 0.616899 0.412913 0.164008 0.090737
0 0.403340 0.409784 0.168195 0.093866
0 0.188734 0.410827 0.171685 0.099081
0 0.825224 0.522684 0.161914 0.091258
0 0.607826 0.529203 0.177966 0.102209
0 0.397757 0.521120 0.170987 0.089173
0 0.197109 0.527378 0.166101 0.101688
0 0.822083 0.654879 0.173778 0.107424
0 0.602243 0.654096 0.187736 0.104817
0 0.410668 0.659311 0.174476 0.096473
0 0.172683 0.657486 0.184247 0.105338
0 0.837088 0.771429 0.166101 0.096473
0 0.608175 0.781598 0.189830 0.104295
0 0.383799 0.776904 0.187736 0.109510
0 0.182802 0.775340 0.176570 0.100124
0 0.821734 0.912488 0.168893 0.101167
0 0.622133 0.902059 0.167497 0.101167
0 0.373330 0.911706 0.175174 0.115246
0 0.167448 0.909620 0.173778 0.103774