1 0.615741 0.201800 0.576637 0.149972
2 0.509301 0.564523 0.896991 0.561523
0 0.170359 0.329411 0.167018 0.079114
0 0.398910 0.330029 0.156030 0.065516
0 0.601639 0.327556 0.172512 0.075405
0 0.824697 0.330956 0.163722 0.077260
0 0.819203 0.426449 0.170315 0.080350
0 0.613177 0.415014 0.182402 0.085913
0 0.406052 0.424286 0.168117 0.067370
0 0.177501 0.418723 0.201081 0.083440
0 0.188489 0.510507 0.179105 0.075405
0 0.400558 0.511743 0.163722 0.082822
0 0.603837 0.516997 0.170315 0.073551
0 0.803819 0.509271 0.181303 0.081586
0 0.631307 0.788024 0.201081 0.085295
0 0.830191 0.777517 0.174710 0.076642
0 0.813709 0.695622 0.168117 0.083440
0 0.634604 0.691604 0.174710 0.091475
0 0.398361 0.703657 0.174710 0.087149
0 0.167062 0.703966 0.171414 0.072933
0 0.179698 0.604764 0.201081 0.072315
0 0.403305 0.608473 0.180204 0.080968
0 0.614276 0.604764 0.169216 0.073551
0 0.821400 0.606000 0.176908 0.084677