0 0.262900 0.380921 0.126401 0.055439
0 0.401024 0.377004 0.131532 0.049814
0 0.551875 0.364832 0.126070 0.047385
0 0.688374 0.357132 0.137508 0.050414
0 0.265595 0.436163 0.143152 0.054329
0 0.415310 0.432990 0.129822 0.047899
0 0.562855 0.427289 0.126674 0.046299
0 0.709612 0.417123 0.123505 0.048429
0 0.269664 0.497002 0.134372 0.052320
0 0.415104 0.489861 0.132006 0.050859
0 0.576721 0.479186 0.141220 0.055363
0 0.733374 0.465807 0.140121 0.052542
0 0.283233 0.560648 0.148581 0.056705
0 0.436345 0.548508 0.137423 0.054904
0 0.596191 0.541779 0.130223 0.049694
0 0.753822 0.528220 0.147998 0.056408
2 0.544092 0.524466 0.755517 0.394814
1 0.544688 0.297230 0.415892 0.109261