1 0.599206 0.130883 0.609706 0.152297
0 0.140805 0.264839 0.173611 0.075207
0 0.346843 0.256140 0.180595 0.086993
0 0.574832 0.262875 0.199553 0.083625
0 0.799828 0.246318 0.176604 0.075207
0 0.135816 0.354077 0.185584 0.081941
0 0.358816 0.351551 0.190573 0.071278
0 0.583812 0.354077 0.195562 0.080819
0 0.809307 0.349026 0.189575 0.075207
0 0.134818 0.448927 0.177602 0.078574
0 0.353827 0.453697 0.180595 0.074645
0 0.585309 0.447524 0.194564 0.080258
0 0.809614 0.444998 0.182975 0.074084
0 0.141802 0.545180 0.183589 0.075768
0 0.350834 0.550512 0.168622 0.070717
0 0.583812 0.555002 0.185584 0.080819
0 0.828265 0.544338 0.191571 0.072962
0 0.120849 0.649852 0.195562 0.083064
0 0.347342 0.649852 0.187580 0.080819
0 0.588782 0.652377 0.207497 0.090360
0 0.818786 0.648729 0.180595 0.078574
0 0.117357 0.751156 0.194564 0.082503
0 0.357818 0.755085 0.182591 0.078013
0 0.598779 0.760697 0.203544 0.088115
0 0.842732 0.758172 0.194564 0.085309
2 0.495866 0.513370 0.985863 0.603376