0 0.599770 0.160740 0.165720 0.070389
0 0.805510 0.160106 0.173611 0.065316
0 0.147141 0.266005 0.173611 0.080535
0 0.372046 0.254908 0.170229 0.073559
0 0.622881 0.256811 0.187139 0.078632
0 0.819602 0.257128 0.170229 0.072925
0 0.164615 0.366198 0.172484 0.077998
0 0.361337 0.355101 0.178120 0.077364
0 0.601461 0.361759 0.180375 0.071657
0 0.835385 0.355101 0.186012 0.072291
0 0.146577 0.457196 0.176993 0.077364
0 0.372046 0.461635 0.176993 0.074828
0 0.616117 0.455928 0.196158 0.076096
0 0.848350 0.455928 0.191649 0.073559
0 0.139250 0.572925 0.187139 0.083071
0 0.378810 0.560242 0.183757 0.081803
0 0.610480 0.562145 0.209686 0.088144
0 0.832003 0.561828 0.215323 0.082437
0 0.140941 0.682947 0.188267 0.082437
0 0.355136 0.680410 0.192776 0.087510
0 0.616680 0.672484 0.210813 0.085608
0 0.852859 0.672167 0.214196 0.092583
0 0.120648 0.791066 0.174738 0.083071
0 0.345554 0.796139 0.200667 0.093217
2 0.502067 0.485468 0.985863 0.733584