2 0.533244 0.419179 0.870900 0.655642
0 0.222785 0.144197 0.172421 0.065369
0 0.428168 0.136071 0.161816 0.068890
0 0.621411 0.144947 0.166077 0.068321
0 0.831994 0.143154 0.166172 0.072517
0 0.230858 0.236294 0.173584 0.069573
0 0.445257 0.231230 0.159638 0.067076
0 0.647901 0.226083 0.160842 0.073078
0 0.840738 0.229259 0.179090 0.076806
0 0.842305 0.325507 0.154444 0.073632
0 0.635922 0.330628 0.156392 0.065254
0 0.432885 0.329477 0.162898 0.069497
0 0.237992 0.322688 0.161911 0.073086
0 0.246478 0.420185 0.172529 0.070165
0 0.436157 0.421240 0.165062 0.070711
0 0.639673 0.424793 0.157487 0.066461
0 0.838111 0.416617 0.175762 0.071387
0 0.244996 0.509516 0.184446 0.077443
0 0.440504 0.512711 0.177872 0.070203
0 0.647376 0.509692 0.157474 0.065861
0 0.854273 0.505473 0.180279 0.082208
0 0.835707 0.594083 0.159760 0.072471
0 0.647949 0.602635 0.162898 0.069497
0 0.450911 0.596131 0.168120 0.064139
0 0.229568 0.601145 0.176911 0.074992
0 0.237763 0.687847 0.160788 0.070680
0 0.414930 0.698706 0.169472 0.076737