1 0.377774 0.123125 0.613625 0.147607
0 0.847632 0.255168 0.179344 0.067254
0 0.626114 0.252865 0.180162 0.068175
0 0.629389 0.337854 0.178525 0.069557
0 0.402548 0.343381 0.173611 0.077849
0 0.169975 0.339927 0.176887 0.067254
0 0.839442 0.438965 0.198998 0.074624
0 0.623248 0.446796 0.187533 0.080152
0 0.394769 0.445644 0.182619 0.072321
0 0.180621 0.434819 0.181800 0.081073
0 0.848860 0.542840 0.183438 0.085219
0 0.610554 0.541458 0.186714 0.080612
0 0.386170 0.535009 0.203092 0.076006
0 0.149912 0.540767 0.215376 0.075545
0 0.855411 0.657079 0.203092 0.082455
0 0.613830 0.647636 0.178525 0.086601
0 0.382485 0.641648 0.182619 0.078309
0 0.153187 0.644642 0.189171 0.077849
0 0.852955 0.760493 0.208006 0.087522
0 0.618334 0.750129 0.197360 0.099038
0 0.367744 0.756117 0.202273 0.087061
0 0.115517 0.748517 0.218652 0.087522
2 0.498967 0.511626 0.987930 0.606864