0 0.196963 0.195343 0.183198 0.078415
0 0.412220 0.201650 0.184117 0.079425
0 0.397445 0.291663 0.182717 0.080826
0 0.616799 0.306485 0.179081 0.089426
0 0.842940 0.312007 0.180814 0.078318
0 0.179830 0.390607 0.203274 0.087009
0 0.388538 0.407452 0.192904 0.092419
0 0.610393 0.415255 0.187067 0.083919
0 0.819662 0.412232 0.187467 0.093169
0 0.156517 0.500408 0.189622 0.097631
0 0.387938 0.508355 0.192172 0.092874
0 0.606542 0.510378 0.207435 0.088636
0 0.835002 0.525817 0.219292 0.088632
0 0.134572 0.621314 0.208315 0.095476
0 0.370271 0.620841 0.185043 0.098903
0 0.595567 0.623628 0.187884 0.090270
0 0.817650 0.635860 0.194179 0.090041
0 0.122844 0.731095 0.213775 0.101044
0 0.351915 0.729370 0.205016 0.112838
0 0.594250 0.745619 0.208149 0.100329
0 0.840028 0.747521 0.224105 0.101465
1 0.665344 0.083798 0.597305 0.167411
2 0.485532 0.479655 0.969329 0.677781