1 0.635327 0.156457 0.620047 0.162057
0 0.180648 0.299373 0.183198 0.071235
0 0.399926 0.291341 0.184084 0.072168
0 0.403651 0.375560 0.182576 0.073493
0 0.628845 0.375140 0.178387 0.081574
0 0.858981 0.365682 0.180764 0.071171
0 0.203835 0.481108 0.203275 0.079041
0 0.418669 0.483247 0.192369 0.084216
0 0.644938 0.476173 0.186859 0.076336
0 0.856215 0.459896 0.186765 0.084979
0 0.203023 0.584183 0.188728 0.089125
0 0.439009 0.576627 0.191596 0.084650
0 0.660786 0.564416 0.207444 0.080515
0 0.892770 0.563981 0.214460 0.080378
0 0.205901 0.697443 0.207973 0.086900
0 0.444470 0.681822 0.183974 0.090366
0 0.673182 0.669886 0.187350 0.082264
0 0.900602 0.666896 0.193803 0.081978
0 0.216815 0.799753 0.213257 0.092043
0 0.448413 0.783401 0.203654 0.103167
0 0.697173 0.782821 0.207539 0.091438
0 0.917270 0.768748 0.165461 0.092320
2 0.526868 0.545340 0.944527 0.618490