0 0.106597 0.144781 0.213194 0.099033
0 0.315719 0.140589 0.195179 0.075489
0 0.545226 0.123549 0.190222 0.074070
0 0.759812 0.126989 0.202342 0.075834
0 0.094244 0.235482 0.188489 0.077137
0 0.329796 0.229133 0.210518 0.075047
0 0.577736 0.222582 0.202234 0.082909
0 0.786306 0.206251 0.208655 0.086169
0 0.114735 0.333201 0.194256 0.077214
0 0.344785 0.319727 0.243458 0.089025
0 0.578355 0.313570 0.237651 0.097596
0 0.823536 0.288889 0.246389 0.092707
0 0.117905 0.433048 0.199574 0.081010
0 0.142365 0.538456 0.210211 0.088604
0 0.382066 0.521225 0.192972 0.076562
0 0.626904 0.506141 0.237199 0.094624
0 0.840846 0.489552 0.198760 0.075661
0 0.140135 0.630479 0.211857 0.091634
0 0.404346 0.616259 0.204169 0.080052
0 0.641596 0.606631 0.210681 0.083906
0 0.865316 0.591068 0.217844 0.084251
0 0.417129 0.708158 0.224265 0.087510
0 0.178839 0.730711 0.192592 0.081855
0 0.358103 0.419086 0.213431 0.086399
0 0.584445 0.401001 0.215891 0.094778
0 0.822600 0.397317 0.220051 0.083177
2 0.501033 0.425014 0.996197 0.740560