2 0.496130 0.467515 0.930082 0.655329
0 0.162605 0.199555 0.233638 0.084839
0 0.375703 0.203343 0.170159 0.064958
0 0.583945 0.194883 0.165788 0.063780
0 0.776787 0.205107 0.176640 0.065047
0 0.159818 0.284677 0.178849 0.066195
0 0.379865 0.286691 0.184153 0.064032
0 0.603692 0.288651 0.175852 0.071745
0 0.793018 0.280171 0.181374 0.074616
0 0.176263 0.377092 0.169151 0.066621
0 0.384651 0.371988 0.212749 0.076165
0 0.595503 0.373848 0.206632 0.084468
0 0.818590 0.358746 0.215056 0.079552
0 0.169519 0.470665 0.173618 0.070036
0 0.181407 0.570138 0.182552 0.076868
0 0.398843 0.561832 0.168047 0.066047
0 0.620698 0.555704 0.206511 0.081671
0 0.814885 0.547157 0.173399 0.065002
0 0.170554 0.656211 0.183753 0.079681
0 0.409765 0.651524 0.177890 0.068977
0 0.624265 0.650254 0.183437 0.072408
0 0.827155 0.642988 0.189919 0.072497
0 0.412440 0.737970 0.195441 0.075369
0 0.195762 0.751304 0.167185 0.071067
0 0.387089 0.465434 0.185695 0.074676
0 0.592582 0.455893 0.187116 0.082522
0 0.807325 0.460218 0.192031 0.071408