0 0.839907 0.227501 0.228664 0.089858
0 0.636005 0.227227 0.166754 0.068633
0 0.437584 0.214701 0.162505 0.067364
0 0.252597 0.221303 0.172942 0.068847
0 0.836724 0.313348 0.175127 0.070045
0 0.626303 0.311152 0.180037 0.067971
0 0.412273 0.308831 0.172650 0.075572
0 0.231931 0.296648 0.178115 0.078567
0 0.814661 0.406176 0.165907 0.070287
0 0.615871 0.397031 0.208145 0.080729
0 0.414247 0.394857 0.202882 0.088966
0 0.202096 0.375352 0.210578 0.084181
0 0.814679 0.500617 0.170402 0.073810
0 0.796486 0.600647 0.179393 0.080856
0 0.589268 0.588101 0.164814 0.069688
0 0.377679 0.577664 0.202573 0.086149
0 0.192695 0.565321 0.169847 0.068740
0 0.800945 0.687608 0.180731 0.083709
0 0.572670 0.678290 0.174404 0.072826
0 0.367775 0.672892 0.179930 0.076385
0 0.174388 0.661673 0.186118 0.076600
0 0.564177 0.765368 0.191583 0.079595
0 0.770324 0.782968 0.164338 0.074723
0 0.607122 0.491168 0.182240 0.078710
0 0.411403 0.477605 0.184134 0.086633
0 0.205892 0.477841 0.188058 0.075544
2 0.507234 0.516276 0.942460 0.716146