1 0.607548 0.152394 0.602298 0.194347
2 0.481418 0.609355 0.939890 0.717076
0 0.158367 0.301606 0.184841 0.090805
0 0.370276 0.311673 0.164822 0.086267
0 0.585173 0.304443 0.163422 0.089723
0 0.797022 0.322175 0.174865 0.092740
0 0.158187 0.416838 0.183491 0.100689
0 0.361130 0.432553 0.168395 0.086777
0 0.579556 0.430531 0.172700 0.089763
0 0.799022 0.432471 0.176308 0.094724
0 0.147272 0.535732 0.166258 0.087262
0 0.369553 0.542877 0.182754 0.097718
0 0.584447 0.536142 0.175521 0.085325
0 0.789600 0.542965 0.170616 0.097172
0 0.149512 0.661114 0.178510 0.102645
0 0.374344 0.661345 0.192765 0.100235
0 0.570226 0.667139 0.179143 0.092263
0 0.813623 0.666462 0.189201 0.100713
0 0.133310 0.771578 0.170578 0.092226
0 0.367340 0.782235 0.194903 0.099749
0 0.596840 0.778777 0.192800 0.104685
0 0.802408 0.778184 0.181311 0.095735
0 0.147974 0.905420 0.173468 0.096690
0 0.352180 0.896413 0.172040 0.096684
0 0.606555 0.906664 0.179995 0.110070
0 0.817122 0.905597 0.178483 0.099184