0 0.272193 0.352705 0.114079 0.048874
0 0.402718 0.351749 0.118978 0.047635
0 0.545841 0.345057 0.114079 0.045273
0 0.674967 0.342498 0.124577 0.048028
0 0.268693 0.408636 0.129476 0.051965
0 0.409717 0.411391 0.117578 0.045666
0 0.548991 0.411391 0.114778 0.044092
0 0.688038 0.406649 0.111526 0.046491
0 0.265536 0.472981 0.121382 0.050187
0 0.402998 0.471376 0.119307 0.048728
0 0.556064 0.466703 0.127524 0.053146
0 0.704777 0.458975 0.126808 0.050187
0 0.270982 0.540675 0.134350 0.054272
0 0.416226 0.534109 0.123976 0.052813
0 0.567175 0.533526 0.117751 0.047561
0 0.716827 0.525648 0.133831 0.053980
1 0.547723 0.273547 0.391119 0.096580
2 0.511758 0.507440 0.676073 0.390212