0 0.135675 0.102952 0.192360 0.089185
0 0.338091 0.085608 0.196520 0.091466
0 0.595482 0.065711 0.205108 0.083036
0 0.811256 0.070168 0.201552 0.076856
0 0.113805 0.204421 0.194498 0.083560
0 0.336474 0.187727 0.206004 0.083077
0 0.583992 0.174483 0.198227 0.084732
0 0.847107 0.163073 0.206727 0.088127
0 0.121594 0.304225 0.209921 0.084969
0 0.357920 0.294803 0.192191 0.086699
0 0.604963 0.274377 0.210112 0.092575
0 0.843953 0.267657 0.210870 0.091597
0 0.117905 0.415214 0.196788 0.087414
0 0.385496 0.401554 0.219670 0.096553
0 0.632656 0.388306 0.237298 0.100390
0 0.867465 0.381004 0.212329 0.101791
0 0.118840 0.520349 0.208404 0.086927
0 0.382987 0.517619 0.205339 0.096917
0 0.632543 0.508368 0.216167 0.103486
0 0.895069 0.497236 0.209862 0.097655
0 0.146096 0.647124 0.231826 0.124959
0 0.383114 0.626639 0.215773 0.107013
0 0.669378 0.625730 0.218035 0.091415
0 0.898733 0.610829 0.202534 0.109771
0 0.162026 0.761584 0.211644 0.103281
0 0.406115 0.752324 0.218488 0.107136
2 0.502067 0.412807 0.981729 0.820778