0 0.237744 0.350009 0.130553 0.057250
0 0.378277 0.342437 0.135641 0.056191
0 0.531496 0.328185 0.129993 0.053455
0 0.670272 0.318994 0.141736 0.056887
0 0.242665 0.409136 0.147629 0.061283
0 0.395091 0.404947 0.133826 0.054045
0 0.545202 0.397942 0.130563 0.052245
0 0.694332 0.385951 0.127431 0.054610
0 0.249265 0.477114 0.138628 0.059002
0 0.397173 0.468509 0.136165 0.057359
0 0.561424 0.455885 0.145708 0.062429
0 0.720507 0.440260 0.144477 0.059274
0 0.261011 0.545871 0.143949 0.059323
0 0.421793 0.531757 0.143054 0.057487
0 0.584475 0.525734 0.135684 0.056005
0 0.743859 0.509927 0.152636 0.063625
2 0.526054 0.501503 0.784298 0.451690
1 0.523382 0.251984 0.436909 0.121002