0 0.798575 0.235073 0.187838 0.075045
0 0.596880 0.220690 0.191885 0.076966
0 0.340501 0.204220 0.200811 0.069838
0 0.126483 0.208249 0.197535 0.064626
0 0.824645 0.320666 0.190213 0.070294
0 0.602873 0.306857 0.201702 0.069872
0 0.356581 0.295990 0.193879 0.071278
0 0.097992 0.286689 0.195984 0.074134
0 0.821200 0.404892 0.205524 0.071464
0 0.586183 0.397236 0.187778 0.072947
0 0.340053 0.380308 0.205383 0.077885
0 0.102799 0.374935 0.205597 0.077058
0 0.829631 0.498542 0.192328 0.073545
0 0.563393 0.487348 0.214736 0.081231
0 0.317455 0.476477 0.232138 0.084448
0 0.093815 0.470608 0.187631 0.085662
0 0.833219 0.587258 0.203926 0.073119
0 0.570869 0.585283 0.200437 0.081556
0 0.322725 0.577787 0.210943 0.087087
0 0.082052 0.568728 0.164103 0.082158
0 0.811607 0.694266 0.225615 0.105195
0 0.575427 0.677276 0.210397 0.090065
0 0.291199 0.676865 0.213330 0.076895
0 0.080743 0.664602 0.161486 0.092360
0 0.800709 0.790870 0.206444 0.086920
0 0.557992 0.783360 0.213098 0.090166
2 0.474764 0.495931 0.949529 0.694057