0 0.281587 0.207916 0.168029 0.077487
0 0.463246 0.206514 0.171650 0.079478
0 0.693774 0.206636 0.179602 0.071838
0 0.882442 0.225395 0.176660 0.066353
0 0.240348 0.295981 0.170137 0.072431
0 0.439666 0.296545 0.180399 0.071864
0 0.660073 0.301861 0.173414 0.073435
0 0.893790 0.309867 0.180859 0.076371
0 0.225536 0.384614 0.183817 0.073510
0 0.435278 0.392536 0.167969 0.075266
0 0.656827 0.391480 0.183711 0.080309
0 0.868323 0.401969 0.184421 0.079426
0 0.198209 0.482333 0.172036 0.075851
0 0.436348 0.488661 0.192077 0.083754
0 0.656442 0.493949 0.207632 0.086978
0 0.864391 0.503638 0.185351 0.088525
0 0.176217 0.575202 0.182395 0.075279
0 0.408958 0.590941 0.179304 0.084248
0 0.630289 0.599922 0.188707 0.089994
0 0.868598 0.608538 0.193777 0.084716
0 0.172661 0.688980 0.201869 0.109012
0 0.385412 0.687183 0.188228 0.093153
0 0.637195 0.706050 0.190808 0.079178
0 0.859841 0.710051 0.212489 0.095298
0 0.161823 0.791111 0.184687 0.089864
0 0.378353 0.799708 0.190641 0.093231
2 0.507234 0.525577 0.979663 0.720796