0 0.400230 0.160740 0.165720 0.070389
0 0.194490 0.160106 0.173611 0.065316
0 0.852859 0.266005 0.173611 0.080535
0 0.627954 0.254908 0.170229 0.073559
0 0.377119 0.256811 0.187139 0.078632
0 0.180398 0.257128 0.170229 0.072925
0 0.835385 0.366198 0.172484 0.077998
0 0.638663 0.355101 0.178120 0.077364
0 0.398539 0.361759 0.180375 0.071657
0 0.164615 0.355101 0.186012 0.072291
0 0.853423 0.457196 0.176993 0.077364
0 0.627954 0.461635 0.176993 0.074828
0 0.383883 0.455928 0.196158 0.076096
0 0.151650 0.455928 0.191649 0.073559
0 0.860750 0.572925 0.187139 0.083071
0 0.621190 0.560242 0.183757 0.081803
0 0.389520 0.562145 0.209686 0.088144
0 0.167997 0.561828 0.215323 0.082437
0 0.859059 0.682947 0.188267 0.082437
0 0.644864 0.680410 0.192776 0.087510
0 0.383320 0.672484 0.210813 0.085608
0 0.147141 0.672167 0.214196 0.092583
0 0.879352 0.791066 0.174738 0.083071
0 0.654446 0.796139 0.200667 0.093217
2 0.501033 0.482561 0.983796 0.730097