0 0.170968 0.170966 0.235426 0.089495
0 0.381866 0.171185 0.171640 0.068375
0 0.587273 0.159119 0.167259 0.067113
0 0.778508 0.166180 0.178043 0.068575
0 0.173018 0.256961 0.180288 0.069770
0 0.390687 0.255271 0.185401 0.067679
0 0.612090 0.253464 0.177643 0.075315
0 0.798794 0.241699 0.183257 0.078303
0 0.194495 0.349995 0.170739 0.070035
0 0.400235 0.341316 0.214316 0.080397
0 0.608805 0.339626 0.208747 0.088664
0 0.828513 0.320604 0.216784 0.083850
0 0.193111 0.444591 0.175341 0.073554
0 0.210481 0.544829 0.184547 0.080594
0 0.424986 0.532763 0.169616 0.069437
0 0.643982 0.522821 0.208469 0.085842
0 0.835488 0.510906 0.174841 0.068475
0 0.204611 0.631920 0.185891 0.083450
0 0.440849 0.623140 0.179499 0.072559
0 0.652848 0.618230 0.185168 0.076112
0 0.853030 0.607460 0.191571 0.076312
0 0.448374 0.710381 0.197185 0.079300
0 0.234902 0.727511 0.169050 0.074484
0 0.407922 0.435628 0.187525 0.078436
0 0.610549 0.422517 0.189371 0.086372
0 0.823105 0.423251 0.193595 0.075250
2 0.517568 0.461054 0.954861 0.703358